###############################################################################
###############################################################################
## Purpose:    Stock analysis of cod in Alaska
## Author:     Kelli Faye Johnson
## Contact:    kellifayejohnson@gmail.com
## Date:       2014-05-28
###############################################################################
###############################################################################

# Set the coordinates for the proposed management areas
# Used in create_areas.R function as an argument
alaska_areas_management <- list(
    "GOA_W" = matrix(c(c(-140, -170, -170, -140, -140) %% 360,
                       c(45.0, 45.0, 65.0, 65.0, 45.0)), ncol = 2),
    "AI" = matrix(c(c(165, 165, -170, -170, 165) %% 360,
                        c(45.0, 65.0, 65.0, 45.0, 45.0)), ncol = 2)
    )

alaska_noSE <- list(
    "GOA_W" = matrix(c(c(-140, -170, -170, -140, -140) %% 360,
                       c(45.0, 45.0, 65.0, 65.0, 45.0)), ncol = 2),
    "buldir" = matrix(c(c(174, 165, 165, 174, 175.3, 174.5, 174) %% 360,
                        c(45.0, 45.0, 65.0, 65.0, 52.5, 52.1, 45.0)), ncol = 2),
    "amchitka" = matrix(c(c(174, 174.5, 175.3, 174, 178.4, -178.68, 180, 180, 174) %% 360,
                          c(45.0, 52.1, 52.5, 65.0, 65.0, 52.82, 51.7, 45.0, 45.0)), ncol = 2),
    "samalga" = matrix(c(c(180, 180, -178.68, 178.4, -170, -170, 180) %% 360,
                         c(45.0, 51.7, 52.82, 65.0, 65.0, 45.0, 45.0)), ncol = 2))

alaska_areas_closure <- list("GOA_W" = matrix(c(c(-140, -130, -130, -140, -140) %% 360,
                                                c(45.0, 45.0, 65.0, 65.0, 45.0)), ncol = 2))
